usb 0 0 0 1709.2125 149.33485 1997.7158 620.1957 0 0 0 0 0 0 0 0.99970704
usb 0 0 0 2261.1045 1347.5713 2561.821 1811.6914 0 0 0 0 0 0 0 0.99921143
usb 0 0 0 1735.5942 1885.4587 1881.9288 2303.8025 0 0 0 0 0 0 0 0.9991053
usb 0 0 0 594.21094 2249.0132 749.12085 2318.4832 0 0 0 0 0 0 0 0.998252
usb 0 0 0 865.73236 2199.367 953.77875 2328.293 0 0 0 0 0 0 0 0.9957183
usb 0 0 0 658.67865 790.33875 724.0212 1004.69104 0 0 0 0 0 0 0 0.99042004
usb 0 0 0 1661.0393 916.8327 1819.8163 1181.7919 0 0 0 0 0 0 0 0.9868861
usb 0 0 0 629.2679 805.2886 757.5987 1219.1486 0 0 0 0 0 0 0 0.98031116
usb 0 0 0 1727.0366 737.35657 1814.0542 1065.4243 0 0 0 0 0 0 0 0.890841
usb 0 0 0 1155.7332 1321.4061 1364.9298 1798.3783 0 0 0 0 0 0 0 0.8877435
usb 0 0 0 1700.899 753.741 1820.3143 1198.4037 0 0 0 0 0 0 0 0.69155955
usb 0 0 0 748.30695 1221.2823 961.49084 1278.3926 0 0 0 0 0 0 0 0.48882827
usb 0 0 0 2938.9614 2059.3015 3010.4114 2995.7642 0 0 0 0 0 0 0 0.3456529
