usb 0 0 0 1581.9778 199.66827 1821.682 598.94073 0 0 0 0 0 0 0 0.99995816
usb 0 0 0 2123.241 1315.6097 2411.124 1762.0573 0 0 0 0 0 0 0 0.99963915
usb 0 0 0 766.352 2143.6797 848.4061 2268.3232 0 0 0 0 0 0 0 0.9994892
usb 0 0 0 511.90414 2175.3813 657.8161 2238.159 0 0 0 0 0 0 0 0.9994766
usb 0 0 0 1053.0181 1246.8262 1230.9293 1755.2905 0 0 0 0 0 0 0 0.9914898
usb 0 0 0 576.0326 781.5545 642.877 999.08704 0 0 0 0 0 0 0 0.9891801
usb 0 0 0 549.8407 856.6028 676.4985 1173.3667 0 0 0 0 0 0 0 0.9836551
usb 0 0 0 2067.6829 529.5719 2524.5305 607.41925 0 0 0 0 0 0 0 0.98327893
usb 0 0 0 1550.6482 877.03253 1686.5106 1144.5254 0 0 0 0 0 0 0 0.98318934
usb 0 0 0 1645.8088 1816.7495 1779.5782 2242.835 0 0 0 0 0 0 0 0.9829814
usb 0 0 0 1607.7811 713.82623 1686.2219 1012.75446 0 0 0 0 0 0 0 0.8888976
usb 0 0 0 1559.8595 1155.6245 1742.4777 1209.2495 0 0 0 0 0 0 0 0.88436276
usb 0 0 0 1260.4326 1254.4099 1325.727 1723.9326 0 0 0 0 0 0 0 0.6234228
usb 0 0 0 1608.421 2111.8323 1677.2229 2218.4226 0 0 0 0 0 0 0 0.45110947
usb 0 0 0 1610.9456 1823.3732 1713.7253 2272.6663 0 0 0 0 0 0 0 0.44050744
