usb 0 0 0 2174.799 1348.5974 2481.0298 1780.8759 0 0 0 0 0 0 0 0.9996388
usb 0 0 0 538.6947 2214.7483 691.09796 2273.7988 0 0 0 0 0 0 0 0.99958676
usb 0 0 0 1628.2554 192.48537 1895.834 617.1178 0 0 0 0 0 0 0 0.99942136
usb 0 0 0 1587.1685 946.5005 1725.9491 1165.9004 0 0 0 0 0 0 0 0.9992649
usb 0 0 0 809.299 2184.4568 879.60657 2293.27 0 0 0 0 0 0 0 0.997382
usb 0 0 0 1079.6879 1310.2109 1282.0347 1750.2518 0 0 0 0 0 0 0 0.9967032
usb 0 0 0 1650.6241 765.41406 1729.6041 967.1632 0 0 0 0 0 0 0 0.99373263
usb 0 0 0 1677.1003 1869.0164 1802.9644 2307.6396 0 0 0 0 0 0 0 0.94141155
usb 0 0 0 568.95996 820.04895 714.7055 1194.6433 0 0 0 0 0 0 0 0.90975225
usb 0 0 0 458.41724 2385.5286 777.18896 2428.3555 0 0 0 0 0 0 0 0.7514211
usb 0 0 0 1302.7913 1603.8958 1362.0302 1691.6699 0 0 0 0 0 0 0 0.6038482
usb 0 0 0 1300.2711 1249.4341 1364.5115 1743.2478 0 0 0 0 0 0 0 0.49977633
usb 0 0 0 1650.1727 1160.5277 1812.4594 1213.8531 0 0 0 0 0 0 0 0.463886
usb 0 0 0 1624.741 2149.6758 1675.2416 2250.3625 0 0 0 0 0 0 0 0.44939888
usb 0 0 0 2120.7832 1161.2253 2466.1565 1198.2021 0 0 0 0 0 0 0 0.40950513
usb 0 0 0 1603.3501 1185.1168 1790.8047 1223.0688 0 0 0 0 0 0 0 0.37046075
usb 0 0 0 1735.1179 2244.6484 2037.9863 2266.1794 0 0 0 0 0 0 0 0.33223093
