usb 0 0 0 1618.3745 178.73615 1870.779 605.6473 0 0 0 0 0 0 0 0.99974805
usb 0 0 0 2154.7695 1340.1417 2445.9368 1784.6316 0 0 0 0 0 0 0 0.9992168
usb 0 0 0 809.6594 2146.0935 880.3006 2268.7944 0 0 0 0 0 0 0 0.9987595
usb 0 0 0 540.71423 2184.3342 703.4966 2245.404 0 0 0 0 0 0 0 0.9981811
usb 0 0 0 1083.685 1261.7242 1265.312 1734.1306 0 0 0 0 0 0 0 0.99780196
usb 0 0 0 584.8536 768.8719 708.4345 1178.3167 0 0 0 0 0 0 0 0.9965668
usb 0 0 0 1585.1576 866.1709 1728.6058 1160.5167 0 0 0 0 0 0 0 0.9956195
usb 0 0 0 1645.1653 717.9092 1724.7151 1004.79517 0 0 0 0 0 0 0 0.9243483
usb 0 0 0 1658.2568 1826.9749 1797.2412 2278.2812 0 0 0 0 0 0 0 0.9078289
usb 0 0 0 1291.6882 1245.4434 1350.2869 1730.3296 0 0 0 0 0 0 0 0.8813454
usb 0 0 0 1596.4315 1834.0875 1646.9944 2273.2095 0 0 0 0 0 0 0 0.66199154
usb 0 0 0 1639.1234 1159.9338 1822.4309 1211.0797 0 0 0 0 0 0 0 0.57080036
usb 0 0 0 2068.9514 540.57635 2574.0625 615.7218 0 0 0 0 0 0 0 0.49864024
usb 0 0 0 1659.6725 1886.8634 1737.7155 2274.1255 0 0 0 0 0 0 0 0.47474095
usb 0 0 0 717.9774 1192.4058 901.9299 1249.5107 0 0 0 0 0 0 0 0.43303296
usb 0 0 0 2196.1184 1746.1935 2465.5432 1797.3397 0 0 0 0 0 0 0 0.3816022
usb 0 0 0 1025.8408 2336.7747 1405.8323 2391.3582 0 0 0 0 0 0 0 0.369491
