usb 0 0 0 1589.6664 260.278 1819.6819 667.54193 0 0 0 0 0 0 0 0.99982566
usb 0 0 0 2101.6038 1371.6565 2384.5173 1749.1187 0 0 0 0 0 0 0 0.9992716
usb 0 0 0 1636.3162 1836.1012 1756.1542 2203.2383 0 0 0 0 0 0 0 0.99921227
usb 0 0 0 815.5697 2125.7314 896.11694 2240.147 0 0 0 0 0 0 0 0.99770725
usb 0 0 0 629.7474 831.43994 694.80304 982.6068 0 0 0 0 0 0 0 0.9975508
usb 0 0 0 1569.7137 832.0518 1707.8319 1184.3162 0 0 0 0 0 0 0 0.996247
usb 0 0 0 569.05457 2148.483 717.86053 2219.3687 0 0 0 0 0 0 0 0.9935842
usb 0 0 0 606.2548 993.9588 723.1826 1173.7874 0 0 0 0 0 0 0 0.91992885
usb 0 0 0 1618.1959 807.891 1686.7887 1003.524 0 0 0 0 0 0 0 0.8388277
usb 0 0 0 2049.8396 620.85657 2449.7651 680.599 0 0 0 0 0 0 0 0.83301276
usb 0 0 0 2080.1365 1185.3942 2419.3457 1220.8787 0 0 0 0 0 0 0 0.6897678
usb 0 0 0 1098.0217 1278.9961 1250.159 1709.0186 0 0 0 0 0 0 0 0.65709513
usb 0 0 0 727.7426 1222.8447 909.5251 1271.1088 0 0 0 0 0 0 0 0.46449044
usb 0 0 0 1584.0538 2051.3547 1638.4459 2200.317 0 0 0 0 0 0 0 0.4445526
usb 0 0 0 1248.6306 1284.1401 1331.2208 1712.6802 0 0 0 0 0 0 0 0.44179457
usb 0 0 0 1149.5387 1277.0146 1270.773 1632.2379 0 0 0 0 0 0 0 0.3160005
usb 0 0 0 619.6761 857.21295 713.24854 1175.4816 0 0 0 0 0 0 0 0.30237716
