usb 0 0 0 634.8125 2662.5898 774.9511 2800.8318 0 0 0 0 0 0 0 0.99979264
usb 0 0 0 1047.3907 1517.4216 1256.2363 2104.9626 0 0 0 0 0 0 0 0.9995418
usb 0 0 0 325.15518 2703.2139 536.6725 2781.5605 0 0 0 0 0 0 0 0.99927896
usb 0 0 0 412.4588 870.07715 549.90076 1386.757 0 0 0 0 0 0 0 0.9980019
usb 0 0 0 1732.0044 76.000725 1996.6031 686.46466 0 0 0 0 0 0 0 0.99573565
usb 0 0 0 1737.5322 2278.7947 1948.2195 2850.2908 0 0 0 0 0 0 0 0.9956254
usb 0 0 0 2429.2354 1521.5728 2696.1438 2191.9858 0 0 0 0 0 0 0 0.9860965
usb 0 0 0 1343.559 1455.0828 1394.2704 2098.6587 0 0 0 0 0 0 0 0.94139624
usb 0 0 0 987.43335 629.57153 1365.2291 679.1897 0 0 0 0 0 0 0 0.90134454
usb 0 0 0 1758.5629 1389.6097 2025.1304 1456.1351 0 0 0 0 0 0 0 0.87294996
usb 0 0 0 1850.2145 67.286064 2073.5132 716.40894 0 0 0 0 0 0 0 0.823145
usb 0 0 0 1755.5447 806.41974 1880.5396 1384.7295 0 0 0 0 0 0 0 0.56223106
usb 0 0 0 1695.5546 979.55255 1886.9718 1342.2565 0 0 0 0 0 0 0 0.5387568
usb 0 0 0 2631.1628 1625.4435 2801.7744 2238.4768 0 0 0 0 0 0 0 0.43039346
